40.2179 -39.9905
40 -40
0 -40
0 -35
10 -30
10.6988 -29.6123
11.3618 -29.1661
11.9841 -28.6648
12.5612 -28.1119
13.0888 -27.5117
13.563 -26.8684
13.9803 -26.1869
14.3377 -25.4721
14.6325 -24.7293
14.8626 -23.964
15.0263 -23.1818
15.1223 -22.3884
15.15 -21.5898
15.1091 -20.7917
15 -20
0 -20
-5 -15
-5.90961 -14.1665
-6.8884 -13.4154
-7.92893 -12.7526
-9.02328 -12.1829
-10.1631 -11.7107
-11.3397 -11.3397
-12.5442 -11.0727
-13.7674 -10.9117
-15 -10.8579
-16.2326 -10.9117
-17.4558 -11.0727
-18.6603 -11.3397
-19.8369 -11.7107
-20.9767 -12.1829
-22.0711 -12.7526
-23.1116 -13.4154
-24.0904 -14.1665
-25 -15
-25 10
-15 10
-13.6927 10.0571
-12.3953 10.2279
-11.1177 10.5111
-9.8697 10.9046
-8.66073 11.4054
-7.5 12.0096
-6.39635 12.7127
-5.35819 13.5093
-4.3934 14.3934
-3.50933 15.3582
-2.71272 16.3964
-2.00962 17.5
-1.40538 18.6607
-0.904611 19.8697
-0.511113 21.1177
-0.227884 22.3953
-0.0570795 23.6927
0 25
0 40
10 40
10.8716 40.0381
11.7365 40.1519
12.5882 40.3407
13.4202 40.6031
14.2262 40.9369
15 41.3397
15.7358 41.8085
16.4279 42.3396
17.0711 42.9289
17.6604 43.5721
18.1915 44.2642
18.6603 45
19.0631 45.7738
19.3969 46.5798
19.6593 47.4118
19.8481 48.2635
19.9619 49.1284
20 50
25 50
25 35
24.9619 34.1284
24.8481 33.2635
24.6593 32.4118
24.3969 31.5798
24.0631 30.7738
23.6603 30
23.1915 29.2642
22.6604 28.5721
22.0711 27.9289
21.4279 27.3396
20.7358 26.8085
20 26.3397
19.2262 25.9369
18.4202 25.6031
17.5882 25.3407
16.7365 25.1519
15.8716 25.0381
15 25
14.3463 24.9715
13.6976 24.8861
13.0589 24.7444
12.4348 24.5477
11.8304 24.2973
11.25 23.9952
10.6982 23.6436
10.1791 23.2453
9.6967 22.8033
9.25467 22.3209
8.85636 21.8018
8.50481 21.25
8.20269 20.6696
7.95231 20.0652
7.75556 19.4411
7.61394 18.8024
7.52854 18.1537
7.5 17.5
7.52854 16.8463
7.61394 16.1976
7.75556 15.5589
7.95231 14.9348
8.20269 14.3304
8.50481 13.75
8.85636 13.1982
9.25467 12.6791
9.6967 12.1967
10.1791 11.7547
10.6982 11.3564
11.25 11.0048
11.8304 10.7027
12.4348 10.4523
13.0589 10.2556
13.6976 10.1139
14.3463 10.0285
15 10
15 5
35 5
40 0
40 -10
39.9556 -11.0525
39.8228 -12.0975
39.6024 -13.1276
39.2961 -14.1356
38.906 -15.1141
38.4349 -16.0563
37.8861 -16.9555
37.2635 -17.8053
36.5717 -18.5997
35.8154 -19.333
35 -20
34.445 -20.4549
33.9311 -20.9558
33.4623 -21.4992
33.042 -22.0808
32.6732 -22.6964
32.3588 -23.3415
32.1011 -24.0112
31.9019 -24.7007
31.7628 -25.4047
31.6847 -26.118
31.6684 -26.8355
31.7138 -27.5516
31.8207 -28.2613
31.9882 -28.9591
32.2151 -29.6399
32.4998 -30.2986
32.84 -30.9304
33.2334 -31.5306
33.677 -32.0947
34.1674 -32.6186
34.7011 -33.0983
35.2741 -33.5304
35.8822 -33.9115
36.5207 -34.2389
37.1851 -34.5102
37.8704 -34.7233
38.5714 -34.8766
39.283 -34.9691
40 -35
40.2179 -35.0095
40.4341 -35.038
40.647 -35.0852
40.8551 -35.1508
41.0565 -35.2342
41.25 -35.3349
41.4339 -35.4521
41.607 -35.5849
41.7678 -35.7322
41.9151 -35.893
42.0479 -36.0661
42.1651 -36.25
42.2658 -36.4435
42.3492 -36.6449
42.4148 -36.853
42.462 -37.0659
42.4905 -37.2821
42.5 -37.5
42.4905 -37.7179
42.462 -37.9341
42.4148 -38.147
42.3492 -38.3551
42.2658 -38.5565
42.1651 -38.75
42.0479 -38.9339
41.9151 -39.107
41.7678 -39.2678
41.607 -39.4151
41.4339 -39.5479
41.25 -39.6651
41.0565 -39.7658
40.8551 -39.8492
40.647 -39.9148
40.4341 -39.962
