-23.4384 -44.8242
-25 -45
-25 -50
-20 -50
-20 -55
-15 -60
-20 -60
-20 -65
-25 -60
-30 -60
-25 -55
-35 -55
-30 -50
-35 -45
-30 -40
-25 -40
-24.4684 -39.9773
-23.9406 -39.9096
-23.4205 -39.7971
-22.9118 -39.6408
-22.4183 -39.4419
-21.9435 -39.2016
-21.4908 -38.9219
-21.0636 -38.6046
-20.6649 -38.2522
-20.2977 -37.8671
-19.9645 -37.4522
-19.6678 -37.0105
-19.4098 -36.5451
-19.1923 -36.0594
-19.0169 -35.5571
-18.8849 -35.0416
-18.7972 -34.5167
-18.7545 -33.9863
-18.757 -33.4542
-18.8048 -32.9242
-18.8975 -32.4003
-19.0344 -31.886
-19.2146 -31.3854
-19.4367 -30.9018
-19.6991 -30.4389
-20 -30
-20 -25
-15 -25
-15 -20
-20 -20
-25 -15
-35 -15
-35 -20
-40 -15
-40 -20
-35 -25
-30 -25
-30 -30
-35 -30
-40 -35
-40 -30
-45 -30
-45 -25
-50 -25
-50 -20
-45 -15
-44.7916 -14.7726
-44.6039 -14.5279
-44.4381 -14.2678
-44.2957 -13.9942
-44.1777 -13.7092
-44.0849 -13.4151
-44.0182 -13.1139
-43.9779 -12.8081
-43.9645 -12.5
-43.9779 -12.1919
-44.0182 -11.8861
-44.0849 -11.5849
-44.1777 -11.2908
-44.2957 -11.0058
-44.4381 -10.7322
-44.6039 -10.4721
-44.7916 -10.2274
-45 -10
-45.2274 -9.79162
-45.4721 -9.60386
-45.7322 -9.43814
-46.0058 -9.29572
-46.2908 -9.17768
-46.5849 -9.08494
-46.8861 -9.01818
-47.1919 -8.97792
-47.5 -8.96447
-47.8081 -8.97792
-48.1139 -9.01818
-48.4151 -9.08494
-48.7092 -9.17768
-48.9942 -9.29572
-49.2678 -9.43814
-49.5279 -9.60386
-49.7726 -9.79162
-50 -10
-55 -10
-60 -5
-50 -5
-50 0
-45 5
-40 5
-40 10
-45 15
-40 20
-35 20
-35 10
-30 10
-30 15
-25 15
-25 5
-30 5
-35 0
-35 -5
-30 -5
-25 -10
-20 -10
-20 0
-15 5
-15 10
-20 15
-15 20
-10 20
-10 15
-5 10
-10 5
-10 0
-5 0
0 5
5 0
0 -5
-5 -5
-10 -10
-15 -5
-15 -10
-10 -15
-5 -15
0 -20
5 -15
5 -10
10 -5
10.5543 -4.49101
11.1499 -4.03102
11.7824 -3.62335
12.4474 -3.27097
13.1398 -2.97643
13.8549 -2.74186
14.5873 -2.56896
15.3318 -2.45899
16.0829 -2.41275
16.8352 -2.43056
17.5833 -2.5123
18.3217 -2.65738
19.0451 -2.86475
19.7482 -3.13289
20.426 -3.45988
21.0735 -3.84333
21.6861 -4.28048
22.2592 -4.76814
22.7888 -5.30279
23.271 -5.88055
23.7023 -6.49723
24.0795 -7.14837
24.4001 -7.82923
24.6615 -8.53489
24.862 -9.26023
25 -10
25 -15
20 -20
15 -15
10 -20
15 -25
20 -25
20.8716 -25.0381
21.7365 -25.1519
22.5882 -25.3407
23.4202 -25.6031
24.2262 -25.9369
25 -26.3397
25.7358 -26.8085
26.4279 -27.3396
27.0711 -27.9289
27.6604 -28.5721
28.1915 -29.2642
28.6603 -30
29.0631 -30.7738
29.3969 -31.5798
29.6593 -32.4118
29.8481 -33.2635
29.9619 -34.1284
30 -35
30 -40
25 -45
20 -40
20 -45
15 -45
15 -50
20 -50
25 -55
35 -45
35 -30
30 -25
35 -20
40 -20
45 -25
45 -30
50 -35
45 -40
50 -45
45 -50
50 -55
45 -60
40 -55
30 -65
25 -60
20 -65
15 -60
13.7746 -58.8725
12.4598 -57.8506
11.0646 -56.9414
9.59879 -56.1512
8.07241 -55.4855
6.49602 -54.9489
4.8805 -54.545
3.23703 -54.2767
1.57695 -54.1458
-0.0882668 -54.1532
-1.74712 -54.2988
-3.38814 -54.5818
-5 -55
-5 -50
0.833333 -44.1667
10 -44.1667
10 -40
5 -40
5 -35
7.5 -35
7.5 -30
0 -30
-5 -25
-10 -35
-10.7629 -36.3739
-11.6417 -37.6767
-12.6298 -38.8987
-13.7198 -40.0307
-14.9035 -41.0643
-16.1722 -41.9917
-17.5162 -42.8061
-18.9256 -43.5012
-20.3898 -44.072
-21.8978 -44.5141
